0.011744921836577693 0.14101127535502847
0.009370817148965198 0.13078651016284476
0.013895998355497992 0.1491421438487901
0.0020428580361458544 0.07871361519881158
0.0026614030204878823 0.0859687631916146
0.006256901359695254 0.11431158143834212
0.0024204648373378802 0.08329201900431102
0.003113913989005619 0.09058841640723207
0.008937273812755137 0.12873762261580934
0.003642263247443245 0.09544669776877848
0.012189482830064359 0.14276844310636702
0.0038412040604834303 0.09715375482488792
0.004237758380231046 0.10038816766786568
0.0030233611690866666 0.08970165871365116
0.004261990653197867 0.10057915003722287
0.012664958737644939 0.14460114214951292
0.012828648956455795 0.14522145063004266
0.00572387894644497 0.11096872863051928
0.010841774185161206 0.1373000143788866
0.012695931609138218 0.14471892294025213
0.002805782944439597 0.0874960580439428
0.007314909320941423 0.12042226157436442
0.0021255528886019283 0.07976170619388089
0.005684786738003621 0.11071552469393112
0.0021438444729234623 0.07998985119325368
0.003664168382055761 0.09563765919022965
0.003729061672912931 0.09619894714277774
0.0052442907712863425 0.10777864467099019
0.00897798908542773 0.128932821881044
0.0064244154284608165 0.11532275326316818
0.002895800123509083 0.0884219301850181
0.004545885053877159 0.10276453945256092
0.00748060492216823 0.12132474014046066
0.0023143099615913466 0.08205611889941426
0.0038071489929026076 0.096865789234884
0.00458709427670605 0.10307413184789745
0.008888107588376756 0.12850111554864585
0.0099415628143514 0.13338961442778244
0.01092521480017231 0.1376513447107314
0.014883859636138851 0.15259570808524264
0.01241764379795475 0.1436537153918066
0.004903080704076867 0.1053885616998359
0.00603208214604551 0.11292572287401939
0.005121534961032013 0.1069310531429025
0.010736822808713568 0.13685554302314268
0.003014969708577142 0.08961859162713105
0.01416060302159635 0.1500828424180044
0.0021674634379716964 0.080282531244608
0.0021315358920528174 0.07983647380070504
0.0031172460488683613 0.09062071642444439
0.001900660168127188 0.0768431727556569
0.0029931076152146683 0.08940145237390759
0.0026860203028721535 0.08623301297536702
0.00665795907874065 0.11670357787225363
0.010781598288203038 0.1370455208278138
0.013139767222013194 0.14638604839157354
0.012711613843896467 0.14477848486359163
0.008935292505562208 0.12872810861731585
0.005829084887349193 0.1116444804096849
0.0019155042521483941 0.07704270164019963
0.013372619018638673 0.14724569995564418
0.00630188562718736 0.11458487690506587
0.006439676508890167 0.11541399674373926
0.002124530647036047 0.07974891755171105
0.004697936162726923 0.10389775589891363
0.0044298187387654 0.10188238795228165
0.006392847665168824 0.11513355522045349
0.008464714230340797 0.12642740693631402
0.004566596096795052 0.10292036804986728
0.014097727282250803 0.14986038082426362
0.0020401158266202955 0.07867837928999243
0.00942869428281265 0.13105521734572798
0.005206531172483459 0.10751934776891355
0.013888119992550959 0.14911395304557604
0.009122456930994678 0.1296207124279237
0.002046233513942247 0.0787569449930802
0.012806220168928958 0.14513676930182537
0.001872375705100277 0.07646008843739958
0.0020031790934509895 0.07820065485742693
0.005290595164693606 0.10809492564468336
0.002891831386434601 0.08838151719436911
0.007575798486825085 0.12183720707519086
0.006060334287403853 0.11310174973819123
0.01002710459169313 0.1337711041971431
0.0031472995107769204 0.09091101117461518
0.009953391523756787 0.13344249684512344
0.003581302027398042 0.094911196073844
0.01495823190887537 0.15284945138691167
0.008582174551087271 0.1270095112108045
0.011774219180755024 0.141128427419562
0.014937931069898816 0.15278027260227142
0.004138445528031234 0.09959775394236627
0.011841829556584 0.14139804304480846
0.008068557857740967 0.12442350639551647
0.00954716611213475 0.13160183852013918
0.005164848124578201 0.10723164836573608
0.012295119420977222 0.14317967776665474
0.007540041612293856 0.12164521895906175
0.011687813137303446 0.14078235207219642
0.005321027884193207 0.10830179178949406
0.01100040185725516 0.1379663941373404
0.004330544292257943 0.10111555234074787
0.00463802073707956 0.1034541759137797
0.003878045573916646 0.09746337204701577
0.01070036628743661 0.13670047124335194
0.009309498341547947 0.13050061445558978
0.003975499853510214 0.09827303698468919
0.002020765885009482 0.07842884103636702
0.00803100217781671 0.12423016006502949
0.004213525575634642 0.10019645164178635
0.012912402229164472 0.14553679687089888
0.015217709114316892 0.15372820505289625
0.00760134910404071 0.1219740253336084
0.007022620324383128 0.11879646744940368
0.007667201477533734 0.12232524346388478
0.009618854243626513 0.1319304098221124
0.0060512672460912575 0.11304531665270393
0.003903214117787279 0.09767376355075569
0.0018295502601795867 0.07587264863753157
0.004549730481846519 0.10279350794122573
0.0018558172647442632 0.0762340279645309
0.015392157312831743 0.15431339566559227
0.0026199585207950992 0.08552017917607047
0.004560814287735593 0.10287691356575121
0.007299895259069219 0.12033981508831254
0.007843706549051045 0.12325680595628807
0.00263189040598757 0.08564980868341965
0.005165194764654905 0.10723404727172348
0.005370731948032033 0.10863796521488642
0.011458822416449053 0.13985686637208594
0.005358258132717384 0.1085537941680601
0.003473329163035453 0.09394761899517759
0.01384556654301339 0.14896150128940452
0.005782158976845746 0.11134408216086022
0.0092390907636172 0.13017079025725883
0.0023744323314514116 0.08276061881571621
0.007878658023013225 0.12343961170845132
0.009310430980028588 0.1305049722210387
0.0033274814570316644 0.09261379451766917
0.002138653104832678 0.07992523325998319
0.009099963713005635 0.12951408959707486
0.01179754927948003 0.14122157918360456
0.0028887999288404066 0.0883506234502818
0.008307964530330511 0.12564214479015837
0.00910381743804172 0.12953236956924422
0.011321970574283973 0.13929786844451444
0.010084550124282648 0.13402607723174748
0.015326565989327136 0.15409388926310164
0.006943434155354768 0.11834826732832056
0.01446958156714161 0.15116657999577648
0.008082240026934811 0.12449379661489308
0.009987468085093681 0.1335946085453083
0.005211409400360634 0.10755291715431431
0.006185857714639004 0.11387728533214234
0.009418393783422218 0.13100747563201803
0.0036795763189952646 0.09577152479527849
0.005239723049263414 0.10774734422702464
0.006047647468915417 0.11302277148655718
0.010198288098329166 0.13452806300069986
0.010774229568258088 0.13701429230352946
0.004415968395721318 0.10177609472082748
0.002312348791605364 0.08203293395034872
0.007122623856767749 0.11935770699877842
0.010648170751618943 0.13647783751084616
0.009403473691818078 0.1309382608367588
0.008993968339048858 0.1290092691846737
0.012176982204849595 0.14271962218820855
0.002455325637465076 0.08368998623385951
0.0025036959185883055 0.08423598476200858
0.010826044808340004 0.13723358340299027
0.004714237491120146 0.10401778848309695
0.005963572843529055 0.11249657654910666
0.0072669968321372735 0.12015876441411438
0.001894472462980984 0.07675969302130203
0.012305932899212982 0.14322164066808638
0.006552427784451383 0.11608369175179165
0.0028378862133806512 0.08782849811585576
0.010867315849327366 0.13740774953063292
0.007583683268306425 0.12187946122032903
0.005275525731238733 0.10799219754739975
0.00758826167629095 0.12190398323783774
0.00844617150510131 0.12633502253919435
0.006508682592270444 0.11582478281743264
0.007761953252054391 0.12282708295606823
0.004511148105817211 0.10250211473219899
0.0032288480219909593 0.09168951274716403
0.008036343034127896 0.12425769288482896
0.011580981351921652 0.14035210083112876
0.009665678273765167 0.1321441399408874
0.003452193250467986 0.09375666770399761
0.012375457180542287 0.1434908519618105
0.01555545472651266 0.15485718746711963
0.005630083719954707 0.11035925190837848
0.010460539779403422 0.13567145898612204
0.00590988801061777 0.11215798906058644
0.005966981712745823 0.1125180073860231
0.005080595770084816 0.10664537139092783
0.012979723805134256 0.1457892876653566
0.003589358296303738 0.09498231150178593
0.004689617525563997 0.10383639573724836
0.006741524785779327 0.1171898078294131
0.00893056784140809 0.12870541567211458
0.004302824869594184 0.10089934654029578
0.010051595691672386 0.13387992716154024
0.0019968413615191016 0.07811809635644051
0.0034972777177616834 0.09416304712144533
0.005970814750269142 0.11254209513250629
0.007267265973454467 0.1201602478003346
0.014657469717269483 0.15181806975904766
0.0030683385324292585 0.09014428981442288
0.013321184647107256 0.14705667638287695
0.004722732340920057 0.10408022949478696
0.00622025001159567 0.11408794140036034
0.005091800108848003 0.10672370955079577
0.011284303353867247 0.13914321948153222
0.005622795543125838 0.11031161110958235
0.00906495414092237 0.12934778636807903
0.014546513121503693 0.15143401298088668
0.008329545601174762 0.12575084159456304
0.004359396396819325 0.10133961511818063
0.01055676083422313 0.13608618032425984
0.009552174607703726 0.13162484751186004
0.008233894717250455 0.12526764131411094
0.005488073781311957 0.1094234602144061
0.004237782491537337 0.10038835805824434
0.0033909103240100983 0.09319856634925458
0.011769721118926577 0.14111045353846263
0.00675288722279168 0.1172556096800159
0.00969510606769555 0.1322781112495566
0.007462689245964061 0.12122780714604629
0.004544890573566663 0.10275704514630418
0.011526901295707517 0.14013329107676087
0.0048321770740767465 0.10487808376841448
0.012903934840695356 0.1455049776932743
0.0038741754530506474 0.09743093985344503
0.009445112584641415 0.1311312425911922
0.004137273925064264 0.09958835427473717
0.012268507302313613 0.14307630159957924
0.011387981158751665 0.13956806055030055
0.012936934046482112 0.14562890530577888
0.0020576983410780045 0.07890376004532818
0.009474731055265402 0.13126816893253881
0.0033154006597661055 0.09250157698788387
0.0038151041299353465 0.09693321016102953
0.008566331199454939 0.126931306638211
0.006936173380172681 0.1183070005314385
0.00472949085328355 0.10412985417422066
0.010860916367107828 0.13738077227377649
0.0027314972770398475 0.08671696192117596
0.007866269202264874 0.12337487676296816
0.003199458986473596 0.0914104778760072
0.01538717117957718 0.15429673111286418
0.01508984345737933 0.15329643023770123
0.00593926109752256 0.11234349643584732
0.009047001751032045 0.12926234241711998
0.004807312793138982 0.10469788868197336
0.00826151744466681 0.12540756584995139
0.014531155300354443 0.15138070088201883
0.00464085179345002 0.10347522117195757
0.0032602519742543704 0.09198581327172875
0.00548349275245599 0.10939300559662248
0.007898625563877678 0.12354380484106733
0.003868711610674749 0.09738511524196072
0.001972494165321233 0.07779930296262003
0.006414673521895178 0.11526443242721389
0.003430579080938296 0.09356058786131385
0.01424672071695795 0.15038647063568536
0.0031126264456818216 0.09057592916550428
0.00601356561192867 0.11281005600242608
0.002368475766632261 0.08269135569340036
0.014573619888912457 0.15152801808513644
0.012528825577075825 0.14408117822816807
0.00425823934655971 0.10054963221984929
0.013032783180739086 0.14598767329139412
0.0023169321894027624 0.08208709841753314
0.003469478035544306 0.09391288401488763
0.008966703915453882 0.12887877715489293
0.0037927491814668335 0.09674350951061436
0.003850771484672247 0.09723434939134663
0.012182484325476091 0.14274111471460624
0.00357914037690551 0.09489209630465997
0.0022454471624468054 0.08123404457828011
0.009329169984630348 0.13059246886549478
0.008179279714892792 0.12499006206506047
0.003582612273757752 0.09492276932156482
0.004665063339131738 0.1036548542071061
0.004358882510239624 0.10133563298320289
0.005562295284498281 0.10991453924663383
0.008746596181956818 0.12781548990428845
0.005733390510770351 0.11103016145161325
0.0025008820320119554 0.08420441551811901
0.0032389922144517034 0.0917854338201559
0.0037004952522415474 0.09595267368246396
0.0018800625058995133 0.07656457797410805
0.003086744120984897 0.09032417568061303
0.013794751383646924 0.14877904139732176
0.0019428625993346646 0.07740775870787585
0.009934376901435654 0.13335746800004952
0.004473511480612046 0.10221625902106846
0.009446942150254673 0.13113970897070817
0.00791260155475098 0.1236166288907094
0.015465459445356792 0.15455797026372775
0.01414102137339515 0.15001363102668502
0.0025221289813181533 0.08444220417822539
0.005879253926277359 0.1119638618019426
0.010876961503710312 0.13744839114328194
0.012405780896454062 0.14360795542679516
0.013015701216876637 0.14592386378285627
0.00501911214857349 0.10621342907672525
0.00603610521796454 0.11295082240744563
0.002899294401632036 0.08845748128326707
0.009567992430005967 0.13169746170209848
0.008245728499969202 0.12532762428697106
0.0027646943474167324 0.08706685121611918
0.014569858643972932 0.15151498121822152
0.0037255808245227305 0.09616900590266363
0.008117396127980117 0.12467404309059765
0.008742922658004165 0.12779759345622713
0.0036760419246677457 0.09574085072286365
0.011034430201788518 0.13810850820030646
0.00354286975215627 0.09457046527818345
0.008593653188900426 0.12706611095617731
0.0035941208917589142 0.09502430251712109
0.00482204345934966 0.10480471877665802
0.004795213909201921 0.10460998151273629
0.0030019208480893934 0.08948911418910631
0.015162407287579014 0.15354176065985653
0.004232796636678506 0.100348972821253
0.0023663937394939514 0.08266711842913847
0.013839881017821345 0.14894110871298705
0.006552630183780438 0.11608488698406204
0.006845952884817185 0.11779181098364525
0.01413779863100894 0.15000223411256708
0.005001005506812096 0.106085552157815
0.003523928019380232 0.09440162565265625
0.006965390360203388 0.1184728812016442
0.0035204170843374165 0.09437026404833995
0.01275486626183784 0.14494250627596578
0.006920751859292204 0.1182192562956379
0.010570892982368962 0.1361468786308926
0.014514804862360706 0.15132390178071847
0.008749839628614337 0.12783128696340298
0.012841801679350484 0.14527106367729126
0.007494645199174407 0.12140059712296153
0.006520856699355219 0.11589695231588143
0.004287928311666827 0.10078277266972543
0.006884800419912773 0.11801419508789063
0.013175335445723779 0.14651801421864433
0.015314367194161606 0.15405299602519498
0.003131034598400504 0.09075413444586478
0.01385425259436778 0.14899264523635647
0.014612836156136264 0.15166381232914683
0.0038771331012565817 0.09745572733383814
0.013284714531798344 0.1469223520993285
0.014932486828848037 0.15276170970809697
0.006548787745626172 0.11606219196430431
0.0037602751612202767 0.09646660746750538
0.00971751005440937 0.13237992472014182
0.011920043390474757 0.14170866575579671
0.0061857226131585355 0.1138764562850613
0.007278833522462276 0.12022396835815902
0.008866460957117881 0.1283967109657392
0.00251911204831979 0.08440852124338295
0.002094930037186123 0.07937680939235076
0.009188270236343327 0.12993167889061774
0.004658072229591359 0.10360304892712463
0.006238934415054427 0.11420205976701153
0.010793863134590418 0.13709746752621632
0.006209079405829877 0.11401960571880923
0.008139206364271947 0.12478560343949516
0.006003151346424081 0.11274489706042992
0.00562966882215794 0.11035654094009094
0.004936370544637935 0.10562653848291255
0.012160894716205411 0.14265674366003145
0.013697600940545045 0.14842895621541674
0.004148020997677373 0.09967451067457056
0.01068531400721457 0.13663634199338842
0.0058176348864252755 0.11157133185975618
0.00889216442703461 0.12852066335428391
0.005665187999631847 0.11058814477603762
0.007963632195149124 0.12388180602052813
0.0057772367810196065 0.11131247845437015
0.0023421631083025865 0.08238399388654306
0.006632527457208845 0.11655479613260844
0.01039757095501448 0.1353986791829718
0.006607382148316662 0.11640731500220414
0.012968364163175792 0.1457467444519613
0.0018913813745272702 0.07671792234914145
0.008724881843541364 0.12770963048645761
0.008628240883839962 0.12723635445689832
0.002129646958906922 0.07981288356054977
0.007007624980434082 0.11871185215173216
0.008476976391885962 0.12648842594066653
0.003606943927342688 0.09513717701420212
0.006646024604649936 0.11663380529675843
0.0019393590833014847 0.07736120154646478
0.014964136117250785 0.15286955929595866
0.006945873153623732 0.11836212298060138
0.003240145252033406 0.09179632398720608
0.0081395553493017 0.12478738689286835
0.0026219425500309296 0.08554176116198162
0.00793967499960921 0.12375745565466192
0.007335922307967624 0.12053746064590747
0.00630696022302099 0.11461562515864585
0.006944058254237024 0.11835181306696883
0.0038475104472810587 0.0972068939060795
0.006747489951548378 0.11722436235376771
0.003855898888504886 0.09727748695130747
0.011149904706499047 0.1385886025019
0.015492041211899068 0.15464647010887939
0.0027982503109650774 0.08741768818749036
0.0029416115532534125 0.08888576974971303
0.0030803094572632614 0.09026136839837683
0.0038172080178544886 0.09695102523907559
0.0040854710643160996 0.09917095829606457
0.005386362996883285 0.10874325692067839
0.005477464017724458 0.10935290078980463
0.007355192166369097 0.12064291018985913
0.002593645862905319 0.08523291778563766
0.013708742891701303 0.14846919051094404
0.011767745917869757 0.14110255935226151
0.004393322866200049 0.10160182380849103
0.009740743221402432 0.13248534119759364
0.008280218078103719 0.12550211803674233
0.013504059691899637 0.14772655831611742
0.0112767872028337 0.13911231951653052
0.009253443183969107 0.13023815977679828
0.015018507285294391 0.1530544825471818
0.006546782963545638 0.11605034737264566
0.0029404164890051232 0.0888737311565952
0.0064375632077792915 0.11540137027030906
0.009932856695211097 0.13335066531892228
0.002783083673062308 0.08725946609978921
0.0062409186047210265 0.11421416517444673
0.011355962536319876 0.13943713386871556
0.012246486276395272 0.1429906466830163
0.013102328634301452 0.1462468855945993
0.011714029820278042 0.1408875354246839
0.013881308548241999 0.14908957135628506
0.007362492013992528 0.12068280870202416
0.003378238387577451 0.09308232612567023
0.009695813585387314 0.13228132891514205
0.007243350816230543 0.12002829495804124
0.013664302903805173 0.14830858469532462
0.013331376201858971 0.14709416939773712
0.003959767854368064 0.09814323568306275
0.01488819249586964 0.15261051409359908
0.014081829710174189 0.1498040286608955
0.003960951552914716 0.09815301407040092
0.00270856419671073 0.08647359372531309
0.009618040679418148 0.13192669015228636
0.008583259591062861 0.12701486356793984
0.013349140147605788 0.14715947431138954
0.011093500004176114 0.13835451178472064
0.011368103788802148 0.13948680934281232
0.013987908198802483 0.14947023639176601
0.010794006408967131 0.13709807411989072
0.012823492647174207 0.14520199139566015
0.00773222101461699 0.12267005217039059
0.0024939700614948377 0.08412676885165404
0.003184511995179224 0.0912679074352491
0.00548957132723517 0.10943341220367227
0.012946719667106294 0.1456656144171505
0.01317202963365497 0.1465057589573508
0.0035456058815881808 0.09459480434680265
0.002572347200746697 0.0849989692387648
0.004930273958147493 0.10558303643969247
0.008151785539363602 0.12484985589519537
0.010505662890045247 0.1358662588980946
0.0052821708315274225 0.10803752117477163
0.004466707545626015 0.1021644111850126
0.004926030558532544 0.10555273659436056
0.013056213240410782 0.14607510542635901
0.005100976237089759 0.1067877813740099
0.0018281051347167445 0.07585266660870991
0.0086734309426119 0.1274580995137557
0.010959662321984791 0.13779586582921544
0.008735305005678314 0.12776046626394644
0.0018712258875751761 0.0764444339666901
0.012409466852047468 0.14362217675729821
0.0037476861796797187 0.0963588339617267
0.002977286356733016 0.08924365171829476
0.005862220058919556 0.11185562684314126
0.005262533340759611 0.10790347146483487
0.013137990462584901 0.1463794499866098
0.005765445454495987 0.11123669737340502
0.004190229365274573 0.10001145116393823
0.0019924347738476613 0.07806059090906087
0.002152067130843643 0.08009198703350204
0.007114858968154337 0.11931431773132417
0.01165940140556634 0.14066818426815528
0.0019550831692078247 0.07756971739959781
0.011807294889702197 0.14126045481886912
0.011522212356980142 0.14011428725504915
0.00572559895124092 0.11097984275040007
0.0032774454166333645 0.0921472303157591
0.001930803999990448 0.07724727952967807
0.015200956229741193 0.15367177219342265
0.009169793982495426 0.1298445293133764
0.005062346076683957 0.10651752678310981
